783098956459607 4 458330753190646 0 4294967295
= 4280063389

783098956459607 4 562297254803491 0 4294967295
= 4292661978

783098956459607 4 125803714855295 0 4294967295
= 4288829230





783098956459607 4 207089576649275 262885221753064 262889516720359
= 262889485183599

783098956459607 4 115093271537192 262885221753064 262889516720359
= 262889347534981

783098956459607 4 239435305113609 262885221753064 262889516720359
= 262889408600307
= 262889492264564
= 262889506342257
= 262889514382700
= 262889515076385
= 262889516884877